--- why u watching skid??
local ReplicatedStorage = game:GetService("ReplicatedStorage")
local RequestCommand = ReplicatedStorage:WaitForChild("HDAdminHDClient").Signals.RequestCommandSilent

RequestCommand:InvokeServer(";btools me")
task.wait(1.2)
RequestCommand:InvokeServer(";punish all")
task.wait(0.2) 


local player = game.Players.LocalPlayer
local backpack = player.Backpack
local character = player.Character

local function getF3X()
    for _, v in ipairs(backpack:GetChildren()) do
        if v:FindFirstChild("SyncAPI") then return v end
    end
    for _, v in ipairs(character:GetChildren()) do
        if v:FindFirstChild("SyncAPI") then return v end
    end
    return nil
end

local f3x = getF3X()
if not f3x then
    warn("F3X / SyncAPI not found – please equip btools and try again")
    return
end

local syncapi = f3x.SyncAPI
local endpoint = syncapi.ServerEndpoint


for _, v in ipairs(workspace:GetDescendants()) do
    if v:IsA("BasePart") or v:IsA("UnionOperation") or v:IsA("MeshPart") then
        task.spawn(function()
            pcall(function()
                endpoint:InvokeServer("Remove", {v})
            end)
        end)
    end
end
task.wait(1)


local function syncAnchor(ep, part, anchored)
    ep:InvokeServer("SyncAnchor", {{Part = part, Anchored = anchored}})
end

local function batchResize(ep, tbl) if #tbl>0 then ep:InvokeServer("SyncResize", tbl) end end
local function batchMaterial(ep, tbl) if #tbl>0 then ep:InvokeServer("SyncMaterial", tbl) end end
local function batchColor(ep, tbl) if #tbl>0 then ep:InvokeServer("SyncColor", tbl) end end
local function batchCollision(ep, tbl) if #tbl>0 then ep:InvokeServer("SyncCollision", tbl) end end


local function createMesh(ep, part) ep:InvokeServer("CreateMeshes", {{Part = part}}) end
local function syncMeshType(ep, part, t) ep:InvokeServer("SyncMesh", {{Part = part, MeshType = t}}) end
local function syncMeshScale(ep, part, s) ep:InvokeServer("SyncMesh", {{Part = part, Scale = s}}) end
local function syncMeshOffset(ep, part, o) ep:InvokeServer("SyncMesh", {{Part = part, Offset = o}}) end
local function syncMeshId(ep, part, id) ep:InvokeServer("SyncMesh", {{Part = part, MeshId = id}}) end
local function syncMeshTexture(ep, part, tex) ep:InvokeServer("SyncMesh", {{Part = part, TextureId = tex}}) end
local function syncMeshVertexColor(ep, part, col) ep:InvokeServer("SyncMesh", {{Part = part, VertexColor = col}}) end


local function createDecal(ep, part, face) ep:InvokeServer("CreateTextures", {{Part = part, Face = face, TextureType = "Decal"}}) end
local function setDecalTexture(ep, part, tex, face) ep:InvokeServer("SyncTexture", {{Part = part, Face = face, TextureType = "Decal", Texture = tex}}) end
local function setDecalTransparency(ep, part, trans, face) ep:InvokeServer("SyncTexture", {{Part = part, Face = face, TextureType = "Decal", Transparency = trans}}) end


local function createTexture(ep, part, face) ep:InvokeServer("CreateTextures", {{Part = part, Face = face, TextureType = "Texture"}}) end
local function setTextureId(ep, part, tex, face) ep:InvokeServer("SyncTexture", {{Part = part, Face = face, TextureType = "Texture", Texture = tex}}) end
local function setTextureTransparency(ep, part, trans, face) ep:InvokeServer("SyncTexture", {{Part = part, Face = face, TextureType = "Texture", Transparency = trans}}) end


local function createLight(ep, part, lightType)
    ep:InvokeServer("CreateLights", {{Part = part, LightType = lightType}})
end
local function syncLight(ep, part, lightType, brightness, range, color, shadows, face, angle)
    local params = {Part = part, LightType = lightType}
    if brightness ~= nil then params.Brightness = brightness end
    if range ~= nil then params.Range = range end
    if color then params.Color = color end
    if shadows ~= nil then params.Shadows = shadows end
    if face and face ~= "nil" then params.Face = face end
    if angle ~= nil then params.Angle = angle end
    ep:InvokeServer("SyncLighting", {params})
end


local function createGroup(ep, groupType, parent, items) return ep:InvokeServer("CreateGroup", groupType, parent, items) end
local function setName(ep, obj, name) ep:InvokeServer("SetName", {obj}, name) end
local function setLocked(ep, part, lock) ep:InvokeServer("SetLocked", {part}, lock) end


local P = {}

local partData = {
    [59] = {anchored = true},
    [324] = {anchored = true},
    [860] = {anchored = true},
    [20] = {anchored = true},
    [783] = {anchored = true},
    [1029] = {anchored = true},
    [706] = {anchored = true},
    [288] = {anchored = true},
    [520] = {anchored = true},
    [576] = {anchored = true},
    [450] = {anchored = true},
    [667] = {anchored = true},
    [726] = {anchored = true},
    [628] = {anchored = true},
    [974] = {anchored = true},
    [611] = {anchored = true},
    [762] = {anchored = true},
    [423] = {anchored = true},
    [508] = {anchored = true},
    [970] = {anchored = true},
    [583] = {anchored = true},
    [175] = {anchored = true},
    [899] = {anchored = true},
    [810] = {anchored = true},
    [333] = {anchored = true},
    [657] = {anchored = true},
    [806] = {anchored = true},
    [621] = {anchored = true},
    [360] = {anchored = true},
    [604] = {anchored = true},
    [979] = {anchored = true},
    [590] = {anchored = true},
    [11] = {anchored = true},
    [793] = {anchored = true},
    [920] = {anchored = true},
    [658] = {anchored = true},
    [682] = {anchored = true},
    [1033] = {anchored = true},
    [898] = {anchored = true},
    [36] = {anchored = true},
    [884] = {anchored = true},
    [996] = {anchored = true},
    [1030] = {anchored = true},
    [306] = {anchored = true},
    [1026] = {anchored = true},
    [883] = {anchored = true},
    [887] = {anchored = true},
    [315] = {anchored = true},
    [560] = {anchored = true},
    [868] = {anchored = true},
    [1025] = {anchored = true},
    [707] = {anchored = true},
    [1024] = {anchored = true},
    [1023] = {anchored = true},
    [791] = {anchored = true},
    [861] = {anchored = true},
    [1020] = {anchored = true},
    [1019] = {anchored = true},
    [1018] = {anchored = true},
    [468] = {anchored = true},
    [780] = {anchored = true},
    [1017] = {anchored = true},
    [297] = {anchored = true},
    [656] = {anchored = true},
    [648] = {anchored = true},
    [659] = {anchored = true},
    [944] = {anchored = true},
    [1006] = {anchored = true},
    [1031] = {anchored = true},
    [553] = {anchored = true},
    [761] = {anchored = true},
    [620] = {anchored = true},
    [708] = {anchored = true},
    [965] = {anchored = true},
    [953] = {anchored = true},
    [733] = {anchored = true},
    [949] = {anchored = true},
    [781] = {anchored = true},
    [619] = {anchored = true},
    [714] = {anchored = true},
    [441] = {anchored = true},
    [870] = {anchored = true},
    [934] = {anchored = true},
    [929] = {anchored = true},
    [597] = {anchored = true},
    [525] = {anchored = true},
    [270] = {anchored = true},
    [414] = {anchored = true},
    [915] = {anchored = true},
    [908] = {anchored = true},
    [630] = {anchored = true},
    [29] = {anchored = true},
    [670] = {anchored = true},
    [812] = {anchored = true},
    [573] = {anchored = true},
    [743] = {anchored = true},
    [886] = {anchored = true},
    [681] = {anchored = true},
    [811] = {anchored = true},
    [88] = {anchored = true},
    [671] = {anchored = true},
    [432] = {anchored = true},
    [268] = {anchored = true},
    [14] = {anchored = true},
    [717] = {anchored = true},
    [728] = {anchored = true},
    [638] = {anchored = true},
    [839] = {anchored = true},
    [518] = {anchored = true},
    [882] = {anchored = true},
    [881] = {anchored = true},
    [5] = {anchored = true},
    [759] = {anchored = true},
    [567] = {anchored = true},
    [369] = {anchored = true},
    [880] = {anchored = true},
    [237] = {anchored = true},
    [121] = {anchored = true},
    [770] = {anchored = true},
    [727] = {anchored = true},
    [871] = {anchored = true},
    [351] = {anchored = true},
    [939] = {anchored = true},
    [813] = {anchored = true},
    [183] = {anchored = true},
    [649] = {anchored = true},
    [867] = {anchored = true},
    [622] = {anchored = true},
    [221] = {anchored = true},
    [1021] = {anchored = true},
    [853] = {anchored = true},
    [23] = {anchored = true},
    [650] = {anchored = true},
    [689] = {anchored = true},
    [869] = {anchored = true},
    [740] = {anchored = true},
    [831] = {anchored = true},
    [250] = {anchored = true},
    [832] = {anchored = true},
    [642] = {anchored = true},
    [833] = {anchored = true},
    [838] = {anchored = true},
    [279] = {anchored = true},
    [199] = {anchored = true},
    [823] = {anchored = true},
    [792] = {anchored = true},
    [821] = {anchored = true},
    [716] = {anchored = true},
    [113] = {anchored = true},
    [480] = {anchored = true},
    [819] = {anchored = true},
    [498] = {anchored = true},
    [885] = {anchored = true},
    [405] = {anchored = true},
    [760] = {anchored = true},
    [809] = {anchored = true},
    [624] = {anchored = true},
    [623] = {anchored = true},
    [692] = {anchored = true},
    [157] = {anchored = true},
    [775] = {anchored = true},
    [532] = {anchored = true},
    [1022] = {anchored = true},
    [784] = {anchored = true},
    [755] = {anchored = true},
    [660] = {anchored = true},
    [779] = {anchored = true},
    [141] = {anchored = true},
    [923] = {anchored = true},
    [777] = {anchored = true},
    [776] = {anchored = true},
    [808] = {anchored = true},
    [878] = {anchored = true},
    [634] = {anchored = true},
    [763] = {anchored = true},
    [984] = {anchored = true},
    [754] = {anchored = true},
    [32] = {anchored = true},
    [744] = {anchored = true},
    [387] = {anchored = true},
    [742] = {anchored = true},
    [66] = {anchored = true},
    [741] = {anchored = true},
    [632] = {anchored = true},
    [668] = {anchored = true},
    [830] = {anchored = true},
    [232] = {anchored = true},
    [713] = {anchored = true},
    [342] = {anchored = true},
    [539] = {anchored = true},
    [245] = {anchored = true},
    [570] = {anchored = true},
    [234] = {anchored = true},
    [230] = {anchored = true},
    [690] = {anchored = true},
    [459] = {anchored = true},
    [131] = {anchored = true},
    [866] = {anchored = true},
    [778] = {anchored = true},
    [626] = {anchored = true},
    [26] = {anchored = true},
    [17] = {anchored = true},
    [712] = {anchored = true},
    [149] = {anchored = true},
    [546] = {anchored = true},
    [105] = {anchored = true},
    [698] = {anchored = true},
    [640] = {anchored = true},
    [665] = {anchored = true},
    [669] = {anchored = true},
    [715] = {anchored = true},
    [478] = {anchored = true},
    [719] = {anchored = true},
    [241] = {anchored = true},
    [396] = {anchored = true},
    [259] = {anchored = true},
    [378] = {anchored = true},
    [1011] = {anchored = true},
    [807] = {anchored = true},
    [489] = {anchored = true},
    [80] = {anchored = true},
    [8] = {anchored = true},
    [655] = {anchored = true},
    [191] = {anchored = true},
    [74] = {anchored = true},
    [840] = {anchored = true},
    [647] = {anchored = true},
    [705] = {anchored = true},
    [636] = {anchored = true},
    [513] = {anchored = true},
    [693] = {anchored = true},
    [666] = {anchored = true},
    [644] = {anchored = true},
}

local partDefs = {

    [59] = {shape="Normal", cframe=CFrame.new(-9.337959289550781,5.050626277923584,-8.152591705322266,-0.7071342468261719,0,0.707079291343689,0,1,0,-0.707079291343689,0,-0.7071342468261719)},
    [324] = {shape="Normal", cframe=CFrame.new(12.000001907348633,0.5000000596046448,128,1,0,0,0,1,0,0,0,1)},
    [860] = {shape="Normal", cframe=CFrame.new(-104.07550048828125,55.981597900390625,529.2265625,-0.1350083351135254,-0.9908446669578552,0,-0.9908446669578552,0.1350080370903015,0,-0,0,-1.000000238418579)},
    [20] = {shape="Spawn", cframe=CFrame.new(0,21.5,466,1,0,0,0,1,0,0,0,1)},
    [783] = {shape="Normal", cframe=CFrame.new(-120.18075561523438,56.126853942871094,532.248779296875,0,-1,0,0,0,1,-1,0,0)},
    [1029] = {shape="Normal", cframe=CFrame.new(-161,55.5,525,1,0,0,0,1,0,0,0,1)},
    [706] = {shape="Normal", cframe=CFrame.new(-133.57424926757812,56.351280212402344,526.23974609375,-0.13455414772033691,-0.9909064769744873,0,-0.9909064769744873,0.1345537304878235,0,-0,0,-1.0000004768371582)},
    [288] = {shape="Normal", cframe=CFrame.new(9.5367431640625e-07,0.5000000596046448,140,1,0,0,0,1,0,0,0,1)},
    [520] = {shape="Normal", cframe=CFrame.new(-6.4999918937683105,7,282.5,1,0,0,0,1,0,0,0,1)},
    [576] = {shape="Normal", cframe=CFrame.new(13.000008583068848,7,297.5,1,0,0,0,1,0,0,0,1)},
    [450] = {shape="Normal", cframe=CFrame.new(8.000000953674316,0.5000000596046448,140,1,0,0,0,1,0,0,0,1)},
    [667] = {shape="Normal", cframe=CFrame.new(-129.1611328125,56.169219970703125,525.72998046875,0,-1,0,0,0,-1,1,0,0)},
    [726] = {shape="Normal", cframe=CFrame.new(-142.18075561523438,56.126853942871094,533.248779296875,0,-1,0,0,0,1,-1,0,0)},
    [628] = {shape="Normal", cframe=CFrame.new(8.499999046325684,20.499998092651367,498.5,1,0,0,0,1,0,0,0,1)},
    [974] = {shape="Normal", cframe=CFrame.new(-95.5,57.4999885559082,534.5,0,0,-1,0,1,0,1,0,0)},
    [611] = {shape="Normal", cframe=CFrame.new(0.0000247955322265625,14.5,282.5,1,0,0,0,1,0,0,0,1)},
    [762] = {shape="Normal", cframe=CFrame.new(-123.57424926757812,56.351280212402344,532.23974609375,-0.13455414772033691,-0.9909064769744873,0,-0.9909064769744873,0.1345537304878235,0,-0,0,-1.0000004768371582)},
    [423] = {shape="Normal", cframe=CFrame.new(8.000000953674316,0.5000000596046448,132,1,0,0,0,1,0,0,0,1)},
    [508] = {shape="Normal", cframe=CFrame.new(-6.4999918937683105,7,297.5,1,0,0,0,1,0,0,0,1)},
    [970] = {shape="Normal", cframe=CFrame.new(-95.5,56.150001525878906,534.5,0,0,-1,0,1,0,1,0,0)},
    [583] = {shape="Normal", cframe=CFrame.new(13.000008583068848,7,282.5,1,0,0,0,1,0,0,0,1)},
    [175] = {shape="Normal", cframe=CFrame.new(-8.646446228027344,0.8025587797164917,-8.146444320678711,0.7071342468261719,-0,-0.707079291343689,0,1,-0,0.707079291343689,0,0.7071342468261719)},
    [899] = {shape="Normal", cframe=CFrame.new(-95.52985382080078,60.57728958129883,534.0357666015625,0,0,-1,0,1,0,1,0,0)},
    [810] = {shape="Normal", cframe=CFrame.new(-112.42033386230469,56.17607116699219,521.4884643554688,0.34843283891677856,-0.9373337626457214,0.000013470649719238281,-0.000013470649719238281,-0.000019431114196777344,-1,0.9373337626457214,0.34843286871910095,-0.000019431114196777344)},
    [333] = {shape="Normal", cframe=CFrame.new(9.5367431640625e-07,0.5000000596046448,132,1,0,0,0,1,0,0,0,1)},
    [657] = {shape="Normal", cframe=CFrame.new(-73.01555633544922,40.50000762939453,529.8699951171875,1,0,0,0,1,0,0,0,1)},
    [806] = {shape="Normal", cframe=CFrame.new(-112.29747009277344,56.17607116699219,524.8652954101562,-0.2505229711532593,-0.9681106805801392,0.000029355287551879883,0.000029355287551879883,-0.00003790855407714844,-1,0.9681106805801392,-0.2505229115486145,0.00003784894943237305)},
    [621] = {shape="Normal", cframe=CFrame.new(0.5583906173706055,20.526140213012695,388.0776062011719,1,0,0,0,1,0,0,0,1)},
    [360] = {shape="Normal", cframe=CFrame.new(4.000000953674316,0.5000000596046448,128,1,0,0,0,1,0,0,0,1)},
    [604] = {shape="Normal", cframe=CFrame.new(0.0000247955322265625,14.5,297.5,1,0,0,0,1,0,0,0,1)},
    [979] = {shape="Normal", cframe=CFrame.new(-95.5,56.94999313354492,534.5,0,0,-1,0,1,0,1,0,0)},
    [590] = {shape="Normal", cframe=CFrame.new(13.000008583068848,7,267.5,1,0,0,0,1,0,0,0,1)},
    [11] = {shape="Spawn", cframe=CFrame.new(0,0.5,114,1,0,0,0,1,0,0,0,1)},
    [793] = {shape="Normal", cframe=CFrame.new(-121.27839660644531,56.15635681152344,531.8758544921875,0,-1,0,0,0,-1,1,0,0)},
    [920] = {shape="Normal", cframe=CFrame.new(-95.5,58.349979400634766,534,0,0,-1,0,1,0,1,0,0)},
    [658] = {shape="Normal", cframe=CFrame.new(-55.493927001953125,27.38129997253418,522.3687744140625,1,0,0,0,1,0,0,0,1)},
    [682] = {shape="Normal", cframe=CFrame.new(-131.25241088867188,54.34193420410156,526.4378051757812,0,-1,0,0,0,-1,1,0,0)},
    [1033] = {shape="Normal", cframe=CFrame.new(6.276051044464111,5.499081611633301,111.61512756347656,-0.7469750642776489,-0.004050607327371836,0.6648398041725159,0.0000055230516409210395,0.9999814033508301,0.006098703481256962,-0.6648520827293396,0.00455925427377224,-0.7469610571861267)},
    [898] = {shape="Normal", cframe=CFrame.new(-95.29998779296875,60.659969329833984,534,0,-0.06108744442462921,-0.9981324076652527,0,0.9981324076652527,-0.06108744442462921,1,0,0)},
    [36] = {shape="Normal", cframe=CFrame.new(-9.337959289550781,5.050626277923584,-8.152591705322266,-0.7071342468261719,0,0.707079291343689,0,1,0,-0.707079291343689,0,-0.7071342468261719)},
    [884] = {shape="Normal", cframe=CFrame.new(-101.94831848144531,56.17362976074219,530.9591674804688,0.2505228519439697,-0.9681106805801392,0.000029385089874267578,0.000029385089874267578,0.00003802776336669922,1,-0.9681106805801392,-0.2505228519439697,0.00003802776336669922)},
    [996] = {shape="Normal", cframe=CFrame.new(-95.5,58.199981689453125,534,0,0,-1,0,1,0,1,0,0)},
    [1030] = {shape="Normal", cframe=CFrame.new(-189.5,55.5,525.5,1,0,0,0,1,0,0,0,1)},
    [306] = {shape="Normal", cframe=CFrame.new(-7.999998569488525,0.5000000596046448,132,1,0,0,0,1,0,0,0,1)},
    [1026] = {shape="Normal", cframe=CFrame.new(-197.5,59.000030517578125,525.5,0,0,-1,0,1,0,1,0,0)},
    [883] = {shape="Normal", cframe=CFrame.new(-102.29747009277344,56.17607116699219,530.8652954101562,-0.2505229711532593,-0.9681106805801392,0.000029355287551879883,0.000029355287551879883,-0.00003790855407714844,-1,0.9681106805801392,-0.2505229115486145,0.00003784894943237305)},
    [887] = {shape="Normal", cframe=CFrame.new(-102.27839660644531,56.15635681152344,528.8758544921875,0,-1,0,0,0,-1,1,0,0)},
    [315] = {shape="Normal", cframe=CFrame.new(-7.999998569488525,0.5000000596046448,132,1,0,0,0,1,0,0,0,1)},
    [560] = {shape="Normal", cframe=CFrame.new(-12.999960899353027,7,297.5,1,0,0,0,1,0,0,0,1)},
    [868] = {shape="Normal", cframe=CFrame.new(-102.42033386230469,56.17607116699219,527.4884643554688,0.34843283891677856,-0.9373337626457214,0.000013470649719238281,-0.000013470649719238281,-0.000019431114196777344,-1,0.9373337626457214,0.34843286871910095,-0.000019431114196777344)},
    [1025] = {shape="Normal", cframe=CFrame.new(0,20.5,466,1,0,0,0,1,0,0,0,1)},
    [707] = {shape="Normal", cframe=CFrame.new(-131.4203338623047,56.17607116699219,524.4884643554688,0.34843283891677856,-0.9373337626457214,0.000013470649719238281,-0.000013470649719238281,-0.000019431114196777344,-1,0.9373337626457214,0.34843286871910095,-0.000019431114196777344)},
    [1024] = {shape="Normal", cframe=CFrame.new(0,-0.4999999403953552,247,1,0,0,0,1,0,0,0,1)},
    [1023] = {shape="Normal", cframe=CFrame.new(0,-0.4999999403953552,332,1,0,0,0,1,0,0,0,1)},
    [791] = {shape="Normal", cframe=CFrame.new(-119.1611328125,56.169219970703125,532.72998046875,0,-1,0,0,0,-1,1,0,0)},
    [861] = {shape="Normal", cframe=CFrame.new(-103.62875366210938,56.11823272705078,529.2282104492188,0.00008106231689453125,-1,-0.00008106231689453125,-0.00008106231689453125,0.00008106231689453125,-1,1,0.00008106231689453125,-0.00008106231689453125)},
    [1020] = {shape="Normal", cframe=CFrame.new(0,10.5,162,-0.6829763650894165,5.970768768293055e-08,-0.7304404973983765,-8.742277657347586e-08,-1,-0,-0.7304404973983765,6.385713646750446e-08,0.6829763650894165)},
    [1019] = {shape="Normal", cframe=CFrame.new(0,-0.4999999403953552,40,1,0,0,0,1,0,0,0,1)},
    [1018] = {shape="Normal", cframe=CFrame.new(0,-0.4999999403953552,-20,1,0,0,0,1,0,0,0,1)},
    [468] = {shape="Normal", cframe=CFrame.new(8.000000953674316,0.5000000596046448,148,1,0,0,0,1,0,0,0,1)},
    [780] = {shape="Normal", cframe=CFrame.new(-121.1611328125,56.169219970703125,532.22998046875,0,-1,0,0,0,-1,1,0,0)},
    [1017] = {shape="Normal", cframe=CFrame.new(-39,20.5,525,1,0,0,0,1,0,0,0,1)},
    [297] = {shape="Normal", cframe=CFrame.new(9.5367431640625e-07,0.5000000596046448,132,1,0,0,0,1,0,0,0,1)},
    [656] = {shape="Normal", cframe=CFrame.new(-62.70188522338867,29.890560150146484,517.2195434570312,1,0,0,0,1,0,0,0,1)},
    [648] = {shape="Normal", cframe=CFrame.new(-63.588314056396484,47.500022888183594,534.9434204101562,1,0,0,0,1,0,0,0,1)},
    [659] = {shape="Normal", cframe=CFrame.new(-56.95198059082031,51.750587463378906,532.10400390625,1,0,0,0,1,0,0,0,1)},
    [944] = {shape="Normal", cframe=CFrame.new(-95.5,57.4999885559082,533.5,0,0,-1,0,1,0,1,0,0)},
    [1006] = {shape="Normal", cframe=CFrame.new(-95.5,58.8499755859375,535.5,0,0,-1,0,1,0,1,0,0)},
    [1031] = {shape="Normal", cframe=CFrame.new(-85,55.5,525,1,0,0,0,1,0,0,0,1)},
    [553] = {shape="Normal", cframe=CFrame.new(0.00000858306884765625,7,297.5,1,0,0,0,1,0,0,0,1)},
    [761] = {shape="Normal", cframe=CFrame.new(-122.6611328125,56.169219970703125,532.22998046875,0,-1,0,0,0,-1,1,0,0)},
    [620] = {shape="Normal", cframe=CFrame.new(0.5583906173706055,1.526139736175537,357.0776062011719,1,0,0,0,1,0,0,0,1)},
    [708] = {shape="Normal", cframe=CFrame.new(-131.07049560546875,56.17955017089844,524.35302734375,-0.3484327793121338,-0.9373337030410767,-0.00001341104507446289,0.00001341104507446289,-0.000019311904907226562,1,-0.9373337030410767,0.3484328091144562,0.000019311904907226562)},
    [965] = {shape="Normal", cframe=CFrame.new(-95.5,56.94999313354492,533.5,0,0,-1,0,1,0,1,0,0)},
    [953] = {shape="Normal", cframe=CFrame.new(-95.5,59.19997024536133,534,0,0,-1,0,1,0,1,0,0)},
    [733] = {shape="Normal", cframe=CFrame.new(-145.21783447265625,56.910980224609375,533.22119140625,-0.1350083351135254,-0.9908446669578552,0,-0.9908446669578552,0.1350080370903015,0,-0,0,-1.000000238418579)},
    [949] = {shape="Normal", cframe=CFrame.new(-95.5,56.150001525878906,533.5,0,0,-1,0,1,0,1,0,0)},
    [781] = {shape="Normal", cframe=CFrame.new(-121.25240325927734,54.34193420410156,532.4378051757812,0,-1,0,0,0,-1,1,0,0)},
    [619] = {shape="Normal", cframe=CFrame.new(0.5583906173706055,10.526140213012695,371.0776062011719,1,0,0,0,1,0,0,0,1)},
    [714] = {shape="Normal", cframe=CFrame.new(-143.29747009277344,56.17607116699219,534.8652954101562,-0.2505229711532593,-0.9681106805801392,0.000029355287551879883,0.000029355287551879883,-0.00003790855407714844,-1,0.9681106805801392,-0.2505229115486145,0.00003784894943237305)},
    [441] = {shape="Normal", cframe=CFrame.new(12.000001907348633,0.5000000596046448,136,1,0,0,0,1,0,0,0,1)},
    [870] = {shape="Normal", cframe=CFrame.new(-102.1611328125,56.169219970703125,529.22998046875,0,-1,0,0,0,-1,1,0,0)},
    [934] = {shape="Normal", cframe=CFrame.new(-95.5,58.8499755859375,532.5,0,0,-1,0,1,0,1,0,0)},
    [929] = {shape="Normal", cframe=CFrame.new(-95.5,58.14998245239258,535.5,0,0,-1,0,1,0,1,0,0)},
    [597] = {shape="Normal", cframe=CFrame.new(0.0000247955322265625,14.5,267.5,1,0,0,0,1,0,0,0,1)},
    [525] = {shape="Normal", cframe=CFrame.new(0.00000858306884765625,7,282.5,1,0,0,0,1,0,0,0,1)},
    [270] = {shape="Normal", cframe=CFrame.new(-11.999998092651367,0.5000000596046448,128,1,0,0,0,1,0,0,0,1)},
    [414] = {shape="Normal", cframe=CFrame.new(4.000000953674316,0.5000000596046448,136,1,0,0,0,1,0,0,0,1)},
    [915] = {shape="Normal", cframe=CFrame.new(-95.52985382080078,60.57728958129883,534.0357666015625,0,0,-1,0,1,0,1,0,0)},
    [908] = {shape="Normal", cframe=CFrame.new(-95.29998779296875,60.659969329833984,534,0,-0.06108744442462921,-0.9981324076652527,0,0.9981324076652527,-0.06108744442462921,1,0,0)},
    [630] = {shape="Normal", cframe=CFrame.new(18.5,20.499998092651367,523,1,0,0,0,1,0,0,0,1)},
    [29] = {shape="Spawn", cframe=CFrame.new(-85,56.5,525,1,0,0,0,1,0,0,0,1)},
    [670] = {shape="Normal", cframe=CFrame.new(-128.78265380859375,56.170570373535156,526.7303466796875,0,-1,0,0,0,1,-1,0,0)},
    [812] = {shape="Normal", cframe=CFrame.new(-112.1611328125,56.169219970703125,523.22998046875,0,-1,0,0,0,-1,1,0,0)},
    [573] = {shape="Normal", cframe=CFrame.new(6.500010013580322,7,282.5,1,0,0,0,1,0,0,0,1)},
    [743] = {shape="Normal", cframe=CFrame.new(-140.78265380859375,56.170570373535156,533.7303466796875,0,-1,0,0,0,1,-1,0,0)},
    [886] = {shape="Normal", cframe=CFrame.new(-99.78266143798828,56.170570373535156,529.7303466796875,0,-1,0,0,0,1,-1,0,0)},
    [681] = {shape="Normal", cframe=CFrame.new(-131.1611328125,56.169219970703125,526.22998046875,0,-1,0,0,0,-1,1,0,0)},
    [811] = {shape="Normal", cframe=CFrame.new(-112.07048797607422,56.17955017089844,521.35302734375,-0.3484327793121338,-0.9373337030410767,-0.00001341104507446289,0.00001341104507446289,-0.000019311904907226562,1,-0.9373337030410767,0.3484328091144562,0.000019311904907226562)},
    [88] = {shape="Normal", cframe=CFrame.new(-9.000194549560547,4.503468990325928,-8.499807357788086,0.7071342468261719,-0,-0.707079291343689,0,1,-0,0.707079291343689,0,0.7071342468261719)},
    [671] = {shape="Normal", cframe=CFrame.new(-131.2783966064453,56.15635681152344,525.8758544921875,0,-1,0,0,0,-1,1,0,0)},
    [432] = {shape="Normal", cframe=CFrame.new(12.000001907348633,0.5000000596046448,144,1,0,0,0,1,0,0,0,1)},
    [268] = {shape="Normal", cframe=CFrame.new(0.0000019073486328125,-0.4999999403953552,138,1,0,0,0,1,0,0,0,1)},
    [14] = {shape="Spawn", cframe=CFrame.new(0,0.5,162,1,0,0,0,1,0,0,0,1)},
    [717] = {shape="Normal", cframe=CFrame.new(-143.25241088867188,54.34193420410156,533.4378051757812,0,-1,0,0,0,-1,1,0,0)},
    [728] = {shape="Normal", cframe=CFrame.new(-144.62875366210938,56.11823272705078,533.2282104492188,0.00008106231689453125,-1,-0.00008106231689453125,-0.00008106231689453125,0.00008106231689453125,-1,1,0.00008106231689453125,-0.00008106231689453125)},
    [638] = {shape="Normal", cframe=CFrame.new(4.500000476837158,20.499998092651367,552,1,0,0,0,1,0,0,0,1)},
    [839] = {shape="Normal", cframe=CFrame.new(-109.78266143798828,56.170570373535156,523.7303466796875,0,-1,0,0,0,1,-1,0,0)},
    [518] = {shape="Normal", cframe=CFrame.new(9.5367431640625e-07,-0.4999999403953552,289.5,1,0,0,0,1,0,0,0,1)},
    [882] = {shape="Normal", cframe=CFrame.new(-99.78266143798828,56.170570373535156,528.731201171875,0,-1,0,0,0,1,-1,0,0)},
    [881] = {shape="Normal", cframe=CFrame.new(-100.1611328125,56.169219970703125,528.72998046875,0,-1,0,0,0,-1,1,0,0)},
    [5] = {shape="Spawn", cframe=CFrame.new(0,0.5,-20,1,0,0,0,1,0,0,0,1)},
    [759] = {shape="Normal", cframe=CFrame.new(-121.42033386230469,56.17607116699219,530.4884643554688,0.34843283891677856,-0.9373337626457214,0.000013470649719238281,-0.000013470649719238281,-0.000019431114196777344,-1,0.9373337626457214,0.34843286871910095,-0.000019431114196777344)},
    [567] = {shape="Normal", cframe=CFrame.new(6.500010013580322,7,267.5,1,0,0,0,1,0,0,0,1)},
    [369] = {shape="Normal", cframe=CFrame.new(-3.9999990463256836,0.5000000596046448,144,1,0,0,0,1,0,0,0,1)},
    [880] = {shape="Normal", cframe=CFrame.new(-101.18075561523438,56.126853942871094,529.248779296875,0,-1,0,0,0,1,-1,0,0)},
    [237] = {shape="Normal", cframe=CFrame.new(-0.9999979138374329,-6.000000953674316,58.999996185302734,0.9659316539764404,0.2499731034040451,-0.06700339913368225,-0.25879722833633423,0.9330259561538696,-0.2499731034040451,0.000029373914003372192,0.25879722833633423,0.9659316539764404)},
    [121] = {shape="Normal", cframe=CFrame.new(-10.060667037963867,3.3721401691436768,-9.560667037963867,0.7071342468261719,-0,-0.707079291343689,0,1,-0,0.707079291343689,0,0.7071342468261719)},
    [770] = {shape="Normal", cframe=CFrame.new(-122.62875366210938,56.11823272705078,532.2282104492188,0.00008106231689453125,-1,-0.00008106231689453125,-0.00008106231689453125,0.00008106231689453125,-1,1,0.00008106231689453125,-0.00008106231689453125)},
    [727] = {shape="Normal", cframe=CFrame.new(-144.6611328125,56.169219970703125,533.22998046875,0,-1,0,0,0,-1,1,0,0)},
    [871] = {shape="Normal", cframe=CFrame.new(-102.25240325927734,54.34193420410156,529.4378051757812,0,-1,0,0,0,-1,1,0,0)},
    [351] = {shape="Normal", cframe=CFrame.new(-7.999998569488525,0.5000000596046448,148,1,0,0,0,1,0,0,0,1)},
    [939] = {shape="Normal", cframe=CFrame.new(-95.5,58.14998245239258,532.5,0,0,-1,0,1,0,1,0,0)},
    [813] = {shape="Normal", cframe=CFrame.new(-111.18075561523438,56.126853942871094,523.248779296875,0,-1,0,0,0,1,-1,0,0)},
    [183] = {shape="Normal", cframe=CFrame.new(-8.646446228027344,0.1534608155488968,-8.146444320678711,0.7071342468261719,-0,-0.707079291343689,0,1,-0,0.707079291343689,0,0.7071342468261719)},
    [649] = {shape="Normal", cframe=CFrame.new(-70.7789306640625,33.50000762939453,518.6007690429688,1,0,0,0,1,0,0,0,1)},
    [867] = {shape="Normal", cframe=CFrame.new(-104.57424926757812,56.351280212402344,529.23974609375,-0.13455414772033691,-0.9909064769744873,0,-0.9909064769744873,0.1345537304878235,0,-0,0,-1.0000004768371582)},
    [622] = {shape="Normal", cframe=CFrame.new(0.5583906173706055,20.526140213012695,439.0776062011719,1,0,0,0,1,0,0,0,1)},
    [221] = {shape="Normal", cframe=CFrame.new(-9.353556632995605,0.8025587797164917,-8.853555679321289,0.7071342468261719,-0,-0.707079291343689,0,1,-0,0.707079291343689,0,0.7071342468261719)},
    [1021] = {shape="Normal", cframe=CFrame.new(0,-0.4999999403953552,114,1,0,0,0,1,0,0,0,1)},
    [853] = {shape="Normal", cframe=CFrame.new(-103.6611328125,56.169219970703125,529.22998046875,0,-1,0,0,0,-1,1,0,0)},
    [23] = {shape="Spawn", cframe=CFrame.new(0,0.5,332,1,0,0,0,1,0,0,0,1)},
    [650] = {shape="Cylinder", cframe=CFrame.new(-64.5,37.50000762939453,526,0,0,1,1,0,0,0,1,0)},
    [689] = {shape="Normal", cframe=CFrame.new(-130.18075561523438,56.126853942871094,526.248779296875,0,-1,0,0,0,1,-1,0,0)},
    [869] = {shape="Normal", cframe=CFrame.new(-102.07048797607422,56.17955017089844,527.35302734375,-0.3484327793121338,-0.9373337030410767,-0.00001341104507446289,0.00001341104507446289,-0.000019311904907226562,1,-0.9373337030410767,0.3484328091144562,0.000019311904907226562)},
    [740] = {shape="Normal", cframe=CFrame.new(-145.57424926757812,56.351280212402344,533.23974609375,-0.13455414772033691,-0.9909064769744873,0,-0.9909064769744873,0.1345537304878235,0,-0,0,-1.0000004768371582)},
    [831] = {shape="Normal", cframe=CFrame.new(-114.21784210205078,56.910980224609375,523.22119140625,-0.1350083351135254,-0.9908446669578552,0,-0.9908446669578552,0.1350080370903015,0,-0,0,-1.000000238418579)},
    [250] = {shape="Normal", cframe=CFrame.new(-11.999998092651367,0.5000000596046448,128,1,0,0,0,1,0,0,0,1)},
    [832] = {shape="Normal", cframe=CFrame.new(-114.57424926757812,56.351280212402344,523.23974609375,-0.13455414772033691,-0.9909064769744873,0,-0.9909064769744873,0.1345537304878235,0,-0,0,-1.0000004768371582)},
    [642] = {shape="Normal", cframe=CFrame.new(-11,20.499998092651367,525.5,1,0,0,0,1,0,0,0,1)},
    [833] = {shape="Normal", cframe=CFrame.new(-113.62875366210938,56.11823272705078,523.2282104492188,0.00008106231689453125,-1,-0.00008106231689453125,-0.00008106231689453125,0.00008106231689453125,-1,1,0.00008106231689453125,-0.00008106231689453125)},
    [838] = {shape="Normal", cframe=CFrame.new(-110.1611328125,56.169219970703125,523.72998046875,0,-1,0,0,0,-1,1,0,0)},
    [279] = {shape="Normal", cframe=CFrame.new(9.5367431640625e-07,0.5000000596046448,148,1,0,0,0,1,0,0,0,1)},
    [199] = {shape="Normal", cframe=CFrame.new(-9.000001907348633,3.2034494876861572,-8.5,0.7071342468261719,-0,-0.707079291343689,0,1,-0,0.707079291343689,0,0.7071342468261719)},
    [823] = {shape="Normal", cframe=CFrame.new(-113.6611328125,56.169219970703125,523.22998046875,0,-1,0,0,0,-1,1,0,0)},
    [792] = {shape="Normal", cframe=CFrame.new(-118.78266143798828,56.170570373535156,532.7303466796875,0,-1,0,0,0,1,-1,0,0)},
    [821] = {shape="Normal", cframe=CFrame.new(-112.25240325927734,54.34193420410156,523.4378051757812,0,-1,0,0,0,-1,1,0,0)},
    [716] = {shape="Normal", cframe=CFrame.new(-143.1611328125,56.169219970703125,533.22998046875,0,-1,0,0,0,-1,1,0,0)},
    [113] = {shape="Normal", cframe=CFrame.new(-7.939336776733398,2.1534194946289062,-7.439333915710449,0.7071342468261719,-0,-0.707079291343689,0,1,-0,0.707079291343689,0,0.7071342468261719)},
    [480] = {shape="Normal", cframe=CFrame.new(0.00003337860107421875,0.5000000596046448,182.5,1,0,0,0,1,0,0,0,1)},
    [819] = {shape="Normal", cframe=CFrame.new(-112.16554260253906,56.18335723876953,523.2234497070312,0,-1,0,0,0,1,-1,0,0)},
    [498] = {shape="Normal", cframe=CFrame.new(0.00003337860107421875,0.5000000596046448,224.5,1,0,0,0,1,0,0,0,1)},
    [885] = {shape="Normal", cframe=CFrame.new(-100.1611328125,56.169219970703125,529.72998046875,0,-1,0,0,0,-1,1,0,0)},
    [405] = {shape="Normal", cframe=CFrame.new(-11.999998092651367,0.5000000596046448,144,1,0,0,0,1,0,0,0,1)},
    [760] = {shape="Normal", cframe=CFrame.new(-121.07048797607422,56.17955017089844,530.35302734375,-0.3484327793121338,-0.9373337030410767,-0.00001341104507446289,0.00001341104507446289,-0.000019311904907226562,1,-0.9373337030410767,0.3484328091144562,0.000019311904907226562)},
    [809] = {shape="Normal", cframe=CFrame.new(-109.78266143798828,56.170570373535156,522.731201171875,0,-1,0,0,0,1,-1,0,0)},
    [624] = {shape="Normal", cframe=CFrame.new(0.5583906173706055,1.526139736175537,408.0776062011719,1,0,0,0,1,0,0,0,1)},
    [623] = {shape="Normal", cframe=CFrame.new(0.5583906173706055,10.526140213012695,422.0776062011719,1,0,0,0,1,0,0,0,1)},
    [692] = {shape="Normal", cframe=CFrame.new(-132.6611328125,56.169219970703125,526.22998046875,0,-1,0,0,0,-1,1,0,0)},
    [157] = {shape="Normal", cframe=CFrame.new(-9.000001907348633,2.203436851501465,-8.5,0.7071342468261719,-0,-0.707079291343689,0,1,-0,0.707079291343689,0,0.7071342468261719)},
    [775] = {shape="Normal", cframe=CFrame.new(-123.21784210205078,56.910980224609375,532.22119140625,-0.1350083351135254,-0.9908446669578552,0,-0.9908446669578552,0.1350080370903015,0,-0,0,-1.000000238418579)},
    [532] = {shape="Normal", cframe=CFrame.new(0.00000858306884765625,7,267.5,1,0,0,0,1,0,0,0,1)},
    [1022] = {shape="Normal", cframe=CFrame.new(0,-0.4999999403953552,162,1,0,0,0,1,0,0,0,1)},
    [784] = {shape="Normal", cframe=CFrame.new(-121.16554260253906,56.18335723876953,532.2234497070312,0,-1,0,0,0,1,-1,0,0)},
    [755] = {shape="Normal", cframe=CFrame.new(-140.78265380859375,56.170570373535156,532.731201171875,0,-1,0,0,0,1,-1,0,0)},
    [660] = {shape="Normal", cframe=CFrame.new(-56.02764892578125,55.50000762939453,527.2999267578125,1,0,0,0,1,0,0,0,1)},
    [779] = {shape="Normal", cframe=CFrame.new(-120.94831848144531,56.17362976074219,533.9591674804688,0.2505228519439697,-0.9681106805801392,0.000029385089874267578,0.000029385089874267578,0.00003802776336669922,1,-0.9681106805801392,-0.2505228519439697,0.00003802776336669922)},
    [141] = {shape="Normal", cframe=CFrame.new(-9.353556632995605,0.15346065163612366,-8.853555679321289,0.7071342468261719,-0,-0.707079291343689,0,1,-0,0.707079291343689,0,0.7071342468261719)},
    [923] = {shape="Normal", cframe=CFrame.new(-95.5,59.29997253417969,532.5,0,0,-1,0,1,0,1,0,0)},
    [777] = {shape="Normal", cframe=CFrame.new(-118.78266143798828,56.170570373535156,531.731201171875,0,-1,0,0,0,1,-1,0,0)},
    [776] = {shape="Normal", cframe=CFrame.new(-119.1611328125,56.169219970703125,531.72998046875,0,-1,0,0,0,-1,1,0,0)},
    [808] = {shape="Normal", cframe=CFrame.new(-110.1611328125,56.169219970703125,522.72998046875,0,-1,0,0,0,-1,1,0,0)},
    [878] = {shape="Normal", cframe=CFrame.new(-102.16554260253906,56.18335723876953,529.2234497070312,0,-1,0,0,0,1,-1,0,0)},
    [634] = {shape="Normal", cframe=CFrame.new(-4.76837158203125e-07,20.499998092651367,537.5,1,0,0,0,1,0,0,0,1)},
    [763] = {shape="Normal", cframe=CFrame.new(-123.07550048828125,55.981597900390625,532.2265625,-0.1350083351135254,-0.9908446669578552,0,-0.9908446669578552,0.1350080370903015,0,-0,0,-1.000000238418579)},
    [984] = {shape="Normal", cframe=CFrame.new(-95.50027465820312,60.499961853027344,534,0,0,-1,0,1,0,1,0,0)},
    [754] = {shape="Normal", cframe=CFrame.new(-141.1611328125,56.169219970703125,532.72998046875,0,-1,0,0,0,-1,1,0,0)},
    [32] = {shape="Spawn", cframe=CFrame.new(-39,21.5,525,1,0,0,0,1,0,0,0,1)},
    [744] = {shape="Normal", cframe=CFrame.new(-143.2783966064453,56.15635681152344,532.8758544921875,0,-1,0,0,0,-1,1,0,0)},
    [387] = {shape="Normal", cframe=CFrame.new(-7.999998569488525,0.5000000596046448,148,1,0,0,0,1,0,0,0,1)},
    [742] = {shape="Normal", cframe=CFrame.new(-141.1611328125,56.169219970703125,533.72998046875,0,-1,0,0,0,-1,1,0,0)},
    [66] = {shape="Normal", cframe=CFrame.new(-10.060667037963867,2.7793946266174316,-9.56066608428955,0.7071342468261719,-0,-0.707079291343689,0,1,-0,0.707079291343689,0,0.7071342468261719)},
    [741] = {shape="Normal", cframe=CFrame.new(-145.07550048828125,55.981597900390625,533.2265625,-0.1350083351135254,-0.9908446669578552,0,-0.9908446669578552,0.1350080370903015,0,-0,0,-1.000000238418579)},
    [632] = {shape="Normal", cframe=CFrame.new(-5.499999523162842,20.499998092651367,546.5,1,0,0,0,1,0,0,0,1)},
    [668] = {shape="Normal", cframe=CFrame.new(-128.78265380859375,56.170570373535156,525.731201171875,0,-1,0,0,0,1,-1,0,0)},
    [830] = {shape="Normal", cframe=CFrame.new(-114.07550048828125,55.981597900390625,523.2265625,-0.1350083351135254,-0.9908446669578552,0,-0.9908446669578552,0.1350080370903015,0,-0,0,-1.000000238418579)},
    [232] = {shape="Normal", cframe=CFrame.new(3.5,0.5000010132789612,17.5,1,0,0,0,1,0,0,0,1)},
    [713] = {shape="Normal", cframe=CFrame.new(-143.07049560546875,56.17955017089844,531.35302734375,-0.3484327793121338,-0.9373337030410767,-0.00001341104507446289,0.00001341104507446289,-0.000019311904907226562,1,-0.9373337030410767,0.3484328091144562,0.000019311904907226562)},
    [342] = {shape="Normal", cframe=CFrame.new(-11.999998092651367,0.5000000596046448,136,1,0,0,0,1,0,0,0,1)},
    [539] = {shape="Normal", cframe=CFrame.new(-12.999960899353027,7,267.5,1,0,0,0,1,0,0,0,1)},
    [245] = {shape="Normal", cframe=CFrame.new(-1.0000004768371582,-3.999999523162842,91,0.07321465015411377,0.5251648426055908,-0.8478453755378723,-0.1830277293920517,0.8427634835243225,0.5062119960784912,0.9803778529167175,0.11811697483062744,0.15782231092453003)},
    [570] = {shape="Normal", cframe=CFrame.new(6.499978065490723,7,297.5,1,0,0,0,1,0,0,0,1)},
    [234] = {shape="Normal", cframe=CFrame.new(3.499999761581421,0.5000010132789612,1.5,1,0,0,0,1,0,0,0,1)},
    [230] = {shape="Normal", cframe=CFrame.new(-2.500000238418579,0.5000010132789612,9.5,1,0,0,0,1,0,0,0,1)},
    [690] = {shape="Normal", cframe=CFrame.new(-131.16554260253906,56.18335723876953,526.2234497070312,0,-1,0,0,0,1,-1,0,0)},
    [459] = {shape="Normal", cframe=CFrame.new(4.000000953674316,0.5000000596046448,144,1,0,0,0,1,0,0,0,1)},
    [131] = {shape="Normal", cframe=CFrame.new(-7.939335823059082,3.3721401691436768,-7.439332962036133,0.7071342468261719,-0,-0.707079291343689,0,1,-0,0.707079291343689,0,0.7071342468261719)},
    [866] = {shape="Normal", cframe=CFrame.new(-104.21784210205078,56.910980224609375,529.22119140625,-0.1350083351135254,-0.9908446669578552,0,-0.9908446669578552,0.1350080370903015,0,-0,0,-1.000000238418579)},
    [778] = {shape="Normal", cframe=CFrame.new(-121.29747009277344,56.17607116699219,533.8652954101562,-0.2505229711532593,-0.9681106805801392,0.000029355287551879883,0.000029355287551879883,-0.00003790855407714844,-1,0.9681106805801392,-0.2505229115486145,0.00003784894943237305)},
    [626] = {shape="Normal", cframe=CFrame.new(-1.5000009536743164,20.499998092651367,488,1,0,0,0,1,0,0,0,1)},
    [26] = {shape="Spawn", cframe=CFrame.new(-161,56.5,525,1,0,0,0,1,0,0,0,1)},
