--- krusty krab f3x by wxa and ffs
local ReplicatedStorage = game:GetService("ReplicatedStorage")
local RequestCommand = ReplicatedStorage:WaitForChild("HDAdminHDClient").Signals.RequestCommandSilent

RequestCommand:InvokeServer(";btools me")
task.wait(1.2)
RequestCommand:InvokeServer(";punish all")
task.wait(0.2) 


local player = game.Players.LocalPlayer
local backpack = player.Backpack
local character = player.Character

local function getF3X()
    for _, v in ipairs(backpack:GetChildren()) do
        if v:FindFirstChild("SyncAPI") then return v end
    end
    for _, v in ipairs(character:GetChildren()) do
        if v:FindFirstChild("SyncAPI") then return v end
    end
    return nil
end

local f3x = getF3X()
if not f3x then
    warn("F3X / SyncAPI not found – please equip btools and try again")
    return
end

local syncapi = f3x.SyncAPI
local endpoint = syncapi.ServerEndpoint


for _, v in ipairs(workspace:GetDescendants()) do
    if v:IsA("BasePart") or v:IsA("UnionOperation") or v:IsA("MeshPart") then
        task.spawn(function()
            pcall(function()
                endpoint:InvokeServer("Remove", {v})
            end)
        end)
    end
end
task.wait(1)


local function syncAnchor(ep, part, anchored)
    ep:InvokeServer("SyncAnchor", {{Part = part, Anchored = anchored}})
end

local function batchResize(ep, tbl) if #tbl>0 then ep:InvokeServer("SyncResize", tbl) end end
local function batchMaterial(ep, tbl) if #tbl>0 then ep:InvokeServer("SyncMaterial", tbl) end end
local function batchColor(ep, tbl) if #tbl>0 then ep:InvokeServer("SyncColor", tbl) end end
local function batchCollision(ep, tbl) if #tbl>0 then ep:InvokeServer("SyncCollision", tbl) end end


local function createMesh(ep, part) ep:InvokeServer("CreateMeshes", {{Part = part}}) end
local function syncMeshType(ep, part, t) ep:InvokeServer("SyncMesh", {{Part = part, MeshType = t}}) end
local function syncMeshScale(ep, part, s) ep:InvokeServer("SyncMesh", {{Part = part, Scale = s}}) end
local function syncMeshOffset(ep, part, o) ep:InvokeServer("SyncMesh", {{Part = part, Offset = o}}) end
local function syncMeshId(ep, part, id) ep:InvokeServer("SyncMesh", {{Part = part, MeshId = id}}) end
local function syncMeshTexture(ep, part, tex) ep:InvokeServer("SyncMesh", {{Part = part, TextureId = tex}}) end
local function syncMeshVertexColor(ep, part, col) ep:InvokeServer("SyncMesh", {{Part = part, VertexColor = col}}) end


local function createDecal(ep, part, face) ep:InvokeServer("CreateTextures", {{Part = part, Face = face, TextureType = "Decal"}}) end
local function setDecalTexture(ep, part, tex, face) ep:InvokeServer("SyncTexture", {{Part = part, Face = face, TextureType = "Decal", Texture = tex}}) end
local function setDecalTransparency(ep, part, trans, face) ep:InvokeServer("SyncTexture", {{Part = part, Face = face, TextureType = "Decal", Transparency = trans}}) end


local function createTexture(ep, part, face) ep:InvokeServer("CreateTextures", {{Part = part, Face = face, TextureType = "Texture"}}) end
local function setTextureId(ep, part, tex, face) ep:InvokeServer("SyncTexture", {{Part = part, Face = face, TextureType = "Texture", Texture = tex}}) end
local function setTextureTransparency(ep, part, trans, face) ep:InvokeServer("SyncTexture", {{Part = part, Face = face, TextureType = "Texture", Transparency = trans}}) end


local function createLight(ep, part, lightType)
    ep:InvokeServer("CreateLights", {{Part = part, LightType = lightType}})
end
local function syncLight(ep, part, lightType, brightness, range, color, shadows, face, angle)
    local params = {Part = part, LightType = lightType}
    if brightness ~= nil then params.Brightness = brightness end
    if range ~= nil then params.Range = range end
    if color then params.Color = color end
    if shadows ~= nil then params.Shadows = shadows end
    if face and face ~= "nil" then params.Face = face end
    if angle ~= nil then params.Angle = angle end
    ep:InvokeServer("SyncLighting", {params})
end


local function createGroup(ep, groupType, parent, items) return ep:InvokeServer("CreateGroup", groupType, parent, items) end
local function setName(ep, obj, name) ep:InvokeServer("SetName", {obj}, name) end
local function setLocked(ep, part, lock) ep:InvokeServer("SetLocked", {part}, lock) end


local P = {}

local partData = {
    [7] = {anchored = true},
    [9] = {anchored = true},
    [11] = {anchored = true},
    [13] = {anchored = true},
    [15] = {anchored = true},
    [17] = {anchored = true},
    [18] = {anchored = true},
    [20] = {anchored = true},
    [22] = {anchored = true},
    [23] = {anchored = true},
    [25] = {anchored = true},
    [27] = {anchored = true},
    [30] = {anchored = true},
    [34] = {anchored = true},
    [35] = {anchored = true},
    [40] = {anchored = true},
    [42] = {anchored = true},
    [43] = {anchored = true},
    [44] = {anchored = true},
    [45] = {anchored = true},
    [46] = {anchored = true},
    [48] = {anchored = true},
    [50] = {anchored = true},
    [52] = {anchored = true},
    [53] = {anchored = true},
    [54] = {anchored = true},
    [55] = {anchored = true},
    [56] = {anchored = true},
    [57] = {anchored = true},
    [58] = {anchored = true},
    [59] = {anchored = true},
    [61] = {anchored = true},
    [62] = {anchored = true},
    [1306] = {anchored = true},
    [499] = {anchored = true},
    [342] = {anchored = true},
    [673] = {anchored = true},
    [815] = {anchored = true},
    [537] = {anchored = true},
    [316] = {anchored = true},
    [1099] = {anchored = true},
    [725] = {anchored = true},
    [252] = {anchored = true},
    [1046] = {anchored = true},
    [519] = {anchored = true},
    [144] = {anchored = true},
    [251] = {anchored = true},
    [170] = {anchored = true},
    [571] = {anchored = true},
    [1273] = {anchored = true},
    [215] = {anchored = true},
    [402] = {anchored = true},
    [118] = {anchored = true},
    [757] = {anchored = true},
    [930] = {anchored = true},
    [258] = {anchored = true},
    [236] = {anchored = true},
    [748] = {anchored = true},
    [1258] = {anchored = true},
    [767] = {anchored = true},
    [891] = {anchored = true},
    [607] = {anchored = true},
    [564] = {anchored = true},
    [793] = {anchored = true},
    [340] = {anchored = true},
    [1123] = {anchored = true},
    [1435] = {anchored = true},
    [1033] = {anchored = true},
    [501] = {anchored = true},
    [1145] = {anchored = true},
    [547] = {anchored = true},
    [94] = {anchored = true},
    [1339] = {anchored = true},
    [609] = {anchored = true},
    [1315] = {anchored = true},
    [78] = {anchored = true},
    [126] = {anchored = true},
    [553] = {anchored = true},
    [1247] = {anchored = true},
    [1232] = {anchored = true},
    [540] = {anchored = true},
    [846] = {anchored = true},
    [709] = {anchored = true},
    [264] = {anchored = true},
    [1223] = {anchored = true},
    [1373] = {anchored = true},
    [1231] = {anchored = true},
    [789] = {anchored = true},
    [466] = {anchored = true},
    [696] = {anchored = true},
    [503] = {anchored = true},
    [88] = {anchored = true},
    [717] = {anchored = true},
    [1120] = {anchored = true},
    [711] = {anchored = true},
    [1280] = {anchored = true},
    [713] = {anchored = true},
    [1519] = {anchored = true},
    [1327] = {anchored = true},
    [332] = {anchored = true},
    [246] = {anchored = true},
    [1289] = {anchored = true},
    [994] = {anchored = true},
    [650] = {anchored = true},
    [661] = {anchored = true},
    [1559] = {anchored = true},
    [967] = {anchored = true},
    [678] = {anchored = true},
    [1393] = {anchored = true},
    [1206] = {anchored = true},
    [269] = {anchored = true},
    [257] = {anchored = true},
    [485] = {anchored = true},
    [1469] = {anchored = true},
    [842] = {anchored = true},
    [80] = {anchored = true},
    [431] = {anchored = true},
    [1372] = {anchored = true},
    [517] = {anchored = true},
    [820] = {anchored = true},
    [755] = {anchored = true},
    [379] = {anchored = true},
    [1248] = {anchored = true},
    [808] = {anchored = true},
    [467] = {anchored = true},
    [932] = {anchored = true},
    [1092] = {anchored = true},
    [472] = {anchored = true},
    [1104] = {anchored = true},
    [830] = {anchored = true},
    [492] = {anchored = true},
    [1084] = {anchored = true},
    [851] = {anchored = true},
    [1314] = {anchored = true},
    [841] = {anchored = true},
    [1174] = {anchored = true},
    [796] = {anchored = true},
    [895] = {anchored = true},
    [433] = {anchored = true},
    [1128] = {anchored = true},
    [1146] = {anchored = true},
    [712] = {anchored = true},
    [837] = {anchored = true},
    [1037] = {anchored = true},
    [640] = {anchored = true},
    [848] = {anchored = true},
    [392] = {anchored = true},
    [719] = {anchored = true},
    [219] = {anchored = true},
    [752] = {anchored = true},
    [1197] = {anchored = true},
    [879] = {anchored = true},
    [763] = {anchored = true},
    [422] = {anchored = true},
    [857] = {anchored = true},
    [89] = {anchored = true},
    [1279] = {anchored = true},
    [274] = {anchored = true},
    [747] = {anchored = true},
    [288] = {anchored = true},
    [1165] = {anchored = true},
    [161] = {anchored = true},
    [244] = {anchored = true},
    [293] = {anchored = true},
    [1405] = {anchored = true},
    [203] = {anchored = true},
    [586] = {anchored = true},
    [991] = {anchored = true},
    [587] = {anchored = true},
    [464] = {anchored = true},
    [611] = {anchored = true},
    [530] = {anchored = true},
    [424] = {anchored = true},
    [1449] = {anchored = true},
    [163] = {anchored = true},
    [242] = {anchored = true},
    [427] = {anchored = true},
    [278] = {anchored = true},
    [318] = {anchored = true},
    [899] = {anchored = true},
    [786] = {anchored = true},
    [1409] = {anchored = true},
    [1478] = {anchored = true},
    [779] = {anchored = true},
    [292] = {anchored = true},
    [189] = {anchored = true},
    [266] = {anchored = true},
    [694] = {anchored = true},
    [731] = {anchored = true},
    [428] = {anchored = true},
    [903] = {anchored = true},
    [884] = {anchored = true},
    [1451] = {anchored = true},
    [1318] = {anchored = true},
    [1208] = {anchored = true},
    [479] = {anchored = true},
    [707] = {anchored = true},
    [1261] = {anchored = true},
    [136] = {anchored = true},
    [1229] = {anchored = true},
    [515] = {anchored = true},
    [1031] = {anchored = true},
    [669] = {anchored = true},
    [1349] = {anchored = true},
    [1115] = {anchored = true},
    [72] = {anchored = true},
    [926] = {anchored = true},
    [703] = {anchored = true},
    [686] = {anchored = true},
    [1657] = {anchored = true},
    [1170] = {anchored = true},
    [1540] = {anchored = true},
    [1503] = {anchored = true},
    [1109] = {anchored = true},
    [272] = {anchored = true},
    [1307] = {anchored = true},
    [1161] = {anchored = true},
    [1467] = {anchored = true},
    [1047] = {anchored = true},
    [271] = {anchored = true},
    [234] = {anchored = true},
    [1384] = {anchored = true},
    [95] = {anchored = true},
    [1266] = {anchored = true},
    [290] = {anchored = true},
    [1443] = {anchored = true},
    [276] = {anchored = true},
    [1042] = {anchored = true},
    [1300] = {anchored = true},
    [941] = {anchored = true},
    [177] = {anchored = true},
    [417] = {anchored = true},
    [314] = {anchored = true},
    [643] = {anchored = true},
    [691] = {anchored = true},
    [654] = {anchored = true},
    [828] = {anchored = true},
    [528] = {anchored = true},
    [481] = {anchored = true},
    [954] = {anchored = true},
    [825] = {anchored = true},
    [106] = {anchored = true},
    [642] = {anchored = true},
    [827] = {anchored = true},
    [535] = {anchored = true},
    [91] = {anchored = true},
    [1311] = {anchored = true},
    [1484] = {anchored = true},
    [1309] = {anchored = true},
    [599] = {anchored = true},
    [646] = {anchored = true},
    [1079] = {anchored = true},
    [239] = {anchored = true},
    [940] = {anchored = true},
    [97] = {anchored = true},
    [330] = {anchored = true},
    [886] = {anchored = true},
    [737] = {anchored = true},
    [1412] = {anchored = true},
    [418] = {anchored = true},
    [1171] = {anchored = true},
    [284] = {anchored = true},
    [359] = {anchored = true},
    [753] = {anchored = true},
    [729] = {anchored = true},
    [749] = {anchored = true},
    [483] = {anchored = true},
    [774] = {anchored = true},
    [262] = {anchored = true},
    [420] = {anchored = true},
    [829] = {anchored = true},
    [1843] = {anchored = true},
    [905] = {anchored = true},
    [238] = {anchored = true},
    [626] = {anchored = true},
    [1753] = {anchored = true},
    [1225] = {anchored = true},
    [1493] = {anchored = true},
    [2010] = {anchored = true},
    [1210] = {anchored = true},
    [2008] = {anchored = true},
    [2006] = {anchored = true},
    [1054] = {anchored = true},
    [639] = {anchored = true},
    [2005] = {anchored = true},
    [1039] = {anchored = true},
    [1986] = {anchored = true},
    [1978] = {anchored = true},
    [241] = {anchored = true},
    [1970] = {anchored = true},
    [1122] = {anchored = true},
    [1455] = {anchored = true},
    [1011] = {anchored = true},
    [1191] = {anchored = true},
    [758] = {anchored = true},
    [1962] = {anchored = true},
    [1947] = {anchored = true},
    [1939] = {anchored = true},
    [890] = {anchored = true},
    [74] = {anchored = true},
    [1933] = {anchored = true},
    [1911] = {anchored = true},
    [566] = {anchored = true},
    [168] = {anchored = true},
    [862] = {anchored = true},
    [355] = {anchored = true},
    [167] = {anchored = true},
    [446] = {anchored = true},
    [1895] = {anchored = true},
    [1885] = {anchored = true},
    [1118] = {anchored = true},
    [494] = {anchored = true},
    [1252] = {anchored = true},
    [344] = {anchored = true},
    [685] = {anchored = true},
    [1029] = {anchored = true},
    [1877] = {anchored = true},
    [534] = {anchored = true},
    [892] = {anchored = true},
    [576] = {anchored = true},
    [1420] = {anchored = true},
    [524] = {anchored = true},
    [667] = {anchored = true},
    [675] = {anchored = true},
    [1859] = {anchored = true},
    [972] = {anchored = true},
    [1851] = {anchored = true},
    [545] = {anchored = true},
    [1836] = {anchored = true},
    [1068] = {anchored = true},
    [1733] = {anchored = true},
    [1725] = {anchored = true},
    [1296] = {anchored = true},
    [790] = {anchored = true},
    [855] = {anchored = true},
    [1188] = {anchored = true},
    [1381] = {anchored = true},
    [597] = {anchored = true},
    [838] = {anchored = true},
    [1691] = {anchored = true},
    [352] = {anchored = true},
    [444] = {anchored = true},
    [1152] = {anchored = true},
    [1667] = {anchored = true},
    [90] = {anchored = true},
    [1647] = {anchored = true},
    [1637] = {anchored = true},
    [415] = {anchored = true},
    [1625] = {anchored = true},
    [931] = {anchored = true},
    [1622] = {anchored = true},
    [657] = {anchored = true},
    [348] = {anchored = true},
    [621] = {anchored = true},
    [1615] = {anchored = true},
    [1316] = {anchored = true},
    [680] = {anchored = true},
    [1403] = {anchored = true},
    [1589] = {anchored = true},
    [631] = {anchored = true},
    [1551] = {anchored = true},
    [1317] = {anchored = true},
    [1535] = {anchored = true},
    [788] = {anchored = true},
    [1150] = {anchored = true},
    [1301] = {anchored = true},
    [723] = {anchored = true},
    [1518] = {anchored = true},
    [1257] = {anchored = true},
    [452] = {anchored = true},
    [1408] = {anchored = true},
    [1490] = {anchored = true},
    [1127] = {anchored = true},
    [1488] = {anchored = true},
    [1081] = {anchored = true},
    [1486] = {anchored = true},
    [1482] = {anchored = true},
    [1480] = {anchored = true},
    [86] = {anchored = true},
    [1476] = {anchored = true},
    [868] = {anchored = true},
    [543] = {anchored = true},
    [1474] = {anchored = true},
    [1471] = {anchored = true},
    [1465] = {anchored = true},
    [834] = {anchored = true},
    [1255] = {anchored = true},
    [1341] = {anchored = true},
    [969] = {anchored = true},
    [1461] = {anchored = true},
    [1173] = {anchored = true},
    [1456] = {anchored = true},
    [1453] = {anchored = true},
    [1044] = {anchored = true},
    [610] = {anchored = true},
    [495] = {anchored = true},
    [435] = {anchored = true},
    [944] = {anchored = true},
    [1444] = {anchored = true},
    [1439] = {anchored = true},
    [1437] = {anchored = true},
    [1433] = {anchored = true},
    [490] = {anchored = true},
    [82] = {anchored = true},
    [403] = {anchored = true},
    [1113] = {anchored = true},
    [249] = {anchored = true},
    [1125] = {anchored = true},
    [781] = {anchored = true},
    [1428] = {anchored = true},
    [369] = {anchored = true},
    [441] = {anchored = true},
    [1426] = {anchored = true},
    [522] = {anchored = true},
    [1333] = {anchored = true},
    [1424] = {anchored = true},
    [769] = {anchored = true},
    [603] = {anchored = true},
    [901] = {anchored = true},
    [955] = {anchored = true},
    [1138] = {anchored = true},
    [745] = {anchored = true},
    [1209] = {anchored = true},
    [328] = {anchored = true},
    [897] = {anchored = true},
    [1422] = {anchored = true},
    [743] = {anchored = true},
    [1181] = {anchored = true},
    [681] = {anchored = true},
    [1285] = {anchored = true},
    [1060] = {anchored = true},
    [671] = {anchored = true},
    [1419] = {anchored = true},
    [1416] = {anchored = true},
    [1144] = {anchored = true},
    [1295] = {anchored = true},
    [1414] = {anchored = true},
    [1076] = {anchored = true},
    [1410] = {anchored = true},
    [1406] = {anchored = true},
    [311] = {anchored = true},
    [1594] = {anchored = true},
    [1402] = {anchored = true},
    [843] = {anchored = true},
    [1272] = {anchored = true},
    [1051] = {anchored = true},
    [1398] = {anchored = true},
    [300] = {anchored = true},
    [732] = {anchored = true},
    [1040] = {anchored = true},
    [254] = {anchored = true},
    [1394] = {anchored = true},
    [1390] = {anchored = true},
    [1388] = {anchored = true},
    [462] = {anchored = true},
    [1386] = {anchored = true},
    [1383] = {anchored = true},
    [1077] = {anchored = true},
    [1322] = {anchored = true},
    [221] = {anchored = true},
    [346] = {anchored = true},
    [1105] = {anchored = true},
    [1379] = {anchored = true},
    [237] = {anchored = true},
    [741] = {anchored = true},
    [358] = {anchored = true},
    [1370] = {anchored = true},
    [1368] = {anchored = true},
    [1331] = {anchored = true},
    [832] = {anchored = true},
    [188] = {anchored = true},
    [1367] = {anchored = true},
    [910] = {anchored = true},
    [1097] = {anchored = true},
    [562] = {anchored = true},
    [260] = {anchored = true},
    [919] = {anchored = true},
    [978] = {anchored = true},
    [295] = {anchored = true},
    [863] = {anchored = true},
    [1352] = {anchored = true},
    [750] = {anchored = true},
    [1357] = {anchored = true},
    [154] = {anchored = true},
    [1355] = {anchored = true},
    [1354] = {anchored = true},
    [1359] = {anchored = true},
    [1351] = {anchored = true},
    [267] = {anchored = true},
    [1345] = {anchored = true},
    [1326] = {anchored = true},
    [1337] = {anchored = true},
    [1335] = {anchored = true},
    [1425] = {anchored = true},
    [1163] = {anchored = true},
    [1330] = {anchored = true},
    [550] = {anchored = true},
    [1343] = {anchored = true},
    [679] = {anchored = true},
    [923] = {anchored = true},
    [1325] = {anchored = true},
    [672] = {anchored = true},
    [1205] = {anchored = true},
    [1323] = {anchored = true},
    [1537] = {anchored = true},
    [1312] = {anchored = true},
    [1308] = {anchored = true},
    [92] = {anchored = true},
    [1185] = {anchored = true},
    [1305] = {anchored = true},
    [1303] = {anchored = true},
    [877] = {anchored = true},
    [1233] = {anchored = true},
    [1302] = {anchored = true},
    [773] = {anchored = true},
    [1080] = {anchored = true},
    [159] = {anchored = true},
    [232] = {anchored = true},
    [1520] = {anchored = true},
    [981] = {anchored = true},
    [1294] = {anchored = true},
    [1137] = {anchored = true},
    [1293] = {anchored = true},
    [1292] = {anchored = true},
    [1290] = {anchored = true},
    [802] = {anchored = true},
    [1287] = {anchored = true},
    [1283] = {anchored = true},
    [1245] = {anchored = true},
    [826] = {anchored = true},
    [853] = {anchored = true},
    [442] = {anchored = true},
    [1275] = {anchored = true},
    [122] = {anchored = true},
    [1869] = {anchored = true},
    [613] = {anchored = true},
    [1271] = {anchored = true},
    [698] = {anchored = true},
    [391] = {anchored = true},
    [1269] = {anchored = true},
    [1262] = {anchored = true},
    [819] = {anchored = true},
    [1259] = {anchored = true},
    [1496] = {anchored = true},
    [882] = {anchored = true},
    [1463] = {anchored = true},
    [1114] = {anchored = true},
    [205] = {anchored = true},
    [1083] = {anchored = true},
    [1236] = {anchored = true},
    [561] = {anchored = true},
    [1228] = {anchored = true},
    [608] = {anchored = true},
    [1221] = {anchored = true},
    [430] = {anchored = true},
    [1194] = {anchored = true},
    [1019] = {anchored = true},
    [656] = {anchored = true},
    [705] = {anchored = true},
    [1214] = {anchored = true},
    [526] = {anchored = true},
    [1446] = {anchored = true},
    [1212] = {anchored = true},
    [644] = {anchored = true},
    [1211] = {anchored = true},
    [240] = {anchored = true},
    [1048] = {anchored = true},
    [174] = {anchored = true},
    [876] = {anchored = true},
    [538] = {anchored = true},
    [783] = {anchored = true},
    [554] = {anchored = true},
    [1201] = {anchored = true},
    [761] = {anchored = true},
    [69] = {anchored = true},
    [1126] = {anchored = true},
    [406] = {anchored = true},
    [1151] = {anchored = true},
    [1136] = {anchored = true},
    [1195] = {anchored = true},
    [1220] = {anchored = true},
    [486] = {anchored = true},
    [255] = {anchored = true},
    [1190] = {anchored = true},
    [1186] = {anchored = true},
    [795] = {anchored = true},
    [1184] = {anchored = true},
    [1183] = {anchored = true},
    [721] = {anchored = true},
    [1421] = {anchored = true},
    [1180] = {anchored = true},
    [1135] = {anchored = true},
    [934] = {anchored = true},
    [1176] = {anchored = true},
    [771] = {anchored = true},
    [508] = {anchored = true},
    [334] = {anchored = true},
    [1458] = {anchored = true},
    [746] = {anchored = true},
    [1172] = {anchored = true},
    [622] = {anchored = true},
    [1169] = {anchored = true},
    [596] = {anchored = true},
    [1168] = {anchored = true},
    [248] = {anchored = true},
    [1160] = {anchored = true},
    [565] = {anchored = true},
    [1158] = {anchored = true},
    [870] = {anchored = true},
    [1062] = {anchored = true},
    [1156] = {anchored = true},
    [491] = {anchored = true},
    [1155] = {anchored = true},
    [297] = {anchored = true},
    [1154] = {anchored = true},
    [1677] = {anchored = true},
    [617] = {anchored = true},
    [1522] = {anchored = true},
    [1149] = {anchored = true},
    [1147] = {anchored = true},
    [1903] = {anchored = true},
    [589] = {anchored = true},
    [381] = {anchored = true},
    [615] = {anchored = true},
    [1142] = {anchored = true},
    [469] = {anchored = true},
    [76] = {anchored = true},
    [350] = {anchored = true},
    [1141] = {anchored = true},
    [1131] = {anchored = true},
    [1094] = {anchored = true},
    [511] = {anchored = true},
    [614] = {anchored = true},
    [1130] = {anchored = true},
    [1074] = {anchored = true},
    [93] = {anchored = true},
    [844] = {anchored = true},
    [497] = {anchored = true},
    [1198] = {anchored = true},
    [413] = {anchored = true},
    [1432] = {anchored = true},
    [988] = {anchored = true},
    [192] = {anchored = true},
    [1117] = {anchored = true},
    [1253] = {anchored = true},
    [310] = {anchored = true},
    [1111] = {anchored = true},
    [1715] = {anchored = true},
    [1108] = {anchored = true},
    [1234] = {anchored = true},
    [915] = {anchored = true},
    [950] = {anchored = true},
    [776] = {anchored = true},
    [1192] = {anchored = true},
    [689] = {anchored = true},
    [983] = {anchored = true},
    [925] = {anchored = true},
    [1101] = {anchored = true},
    [572] = {anchored = true},
    [1363] = {anchored = true},
    [299] = {anchored = true},
    [1219] = {anchored = true},
    [231] = {anchored = true},
    [142] = {anchored = true},
    [1090] = {anchored = true},
    [1213] = {anchored = true},
    [408] = {anchored = true},
    [605] = {anchored = true},
    [1008] = {anchored = true},
    [1082] = {anchored = true},
    [204] = {anchored = true},
    [1157] = {anchored = true},
    [959] = {anchored = true},
    [473] = {anchored = true},
    [414] = {anchored = true},
    [985] = {anchored = true},
    [777] = {anchored = true},
    [630] = {anchored = true},
    [354] = {anchored = true},
    [338] = {anchored = true},
    [1071] = {anchored = true},
    [573] = {anchored = true},
    [816] = {anchored = true},
    [1070] = {anchored = true},
    [1065] = {anchored = true},
    [574] = {anchored = true},
    [532] = {anchored = true},
    [312] = {anchored = true},
    [1064] = {anchored = true},
    [637] = {anchored = true},
    [598] = {anchored = true},
    [1058] = {anchored = true},
    [1056] = {anchored = true},
    [509] = {anchored = true},
    [557] = {anchored = true},
    [518] = {anchored = true},
    [684] = {anchored = true},
    [217] = {anchored = true},
    [928] = {anchored = true},
    [1052] = {anchored = true},
    [1400] = {anchored = true},
    [172] = {anchored = true},
    [178] = {anchored = true},
    [570] = {anchored = true},
    [585] = {anchored = true},
    [99] = {anchored = true},
    [727] = {anchored = true},
    [447] = {anchored = true},
    [682] = {anchored = true},
    [1143] = {anchored = true},
    [578] = {anchored = true},
    [1705] = {anchored = true},
    [101] = {anchored = true},
    [1035] = {anchored = true},
    [477] = {anchored = true},
    [1027] = {anchored = true},
    [460] = {anchored = true},
    [1328] = {anchored = true},
    [451] = {anchored = true},
    [945] = {anchored = true},
    [165] = {anchored = true},
    [1119] = {anchored = true},
    [1397] = {anchored = true},
    [1095] = {anchored = true},
    [893] = {anchored = true},
    [913] = {anchored = true},
    [117] = {anchored = true},
    [975] = {anchored = true},
    [563] = {anchored = true},
    [835] = {anchored = true},
    [965] = {anchored = true},
    [546] = {anchored = true},
    [792] = {anchored = true},
    [1140] = {anchored = true},
    [513] = {anchored = true},
    [606] = {anchored = true},
    [70] = {anchored = true},
    [411] = {anchored = true},
    [449] = {anchored = true},
    [922] = {anchored = true},
    [405] = {anchored = true},
    [917] = {anchored = true},
    [456] = {anchored = true},
    [912] = {anchored = true},
    [623] = {anchored = true},
    [488] = {anchored = true},
    [157] = {anchored = true},
    [908] = {anchored = true},
    [1134] = {anchored = true},
    [791] = {anchored = true},
    [1110] = {anchored = true},
    [588] = {anchored = true},
    [888] = {anchored = true},
    [864] = {anchored = true},
    [175] = {anchored = true},
    [612] = {anchored = true},
    [1238] = {anchored = true},
    [280] = {anchored = true},
    [873] = {anchored = true},
    [265] = {anchored = true},
    [805] = {anchored = true},
    [799] = {anchored = true},
    [859] = {anchored = true},
    [286] = {anchored = true},
    [436] = {anchored = true},
    [734] = {anchored = true},
    [120] = {anchored = true},
    [824] = {anchored = true},
    [739] = {anchored = true},
    [440] = {anchored = true},
    [880] = {anchored = true},
    [356] = {anchored = true},
    [989] = {anchored = true},
    [655] = {anchored = true},
    [193] = {anchored = true},
    [426] = {anchored = true},
    [1203] = {anchored = true},
    [688] = {anchored = true},
    [962] = {anchored = true},
    [1281] = {anchored = true},
    [818] = {anchored = true},
    [521] = {anchored = true},
    [443] = {anchored = true},
    [668] = {anchored = true},
    [800] = {anchored = true},
    [861] = {anchored = true},
    [1274] = {anchored = true},
    [158] = {anchored = true},
    [552] = {anchored = true},
    [960] = {anchored = true},
    [715] = {anchored = true},
    [1073] = {anchored = true},
    [282] = {anchored = true},
    [1049] = {anchored = true},
    [84] = {anchored = true},
    [662] = {anchored = true},
    [701] = {anchored = true},
    [542] = {anchored = true},
    [697] = {anchored = true},
    [693] = {anchored = true},
    [471] = {anchored = true},
    [505] = {anchored = true},
    [921] = {anchored = true},
    [692] = {anchored = true},
    [410] = {anchored = true},
    [220] = {anchored = true},
    [1427] = {anchored = true},
    [1375] = {anchored = true},
    [677] = {anchored = true},
    [602] = {anchored = true},
    [191] = {anchored = true},
    [784] = {anchored = true},
    [1167] = {anchored = true},
    [616] = {anchored = true},
    [438] = {anchored = true},
    [336] = {anchored = true},
    [454] = {anchored = true},
    [458] = {anchored = true},
    [666] = {anchored = true},
    [601] = {anchored = true},
}

local partDefs = {

    [7] = {shape="Normal", cframe=CFrame.new(-45.645294189453125,31.66350555419922,26.24349021911621,0,-1,0,1,0,-0,0,0,1)},
    [9] = {shape="Normal", cframe=CFrame.new(-45.645294189453125,31.66350555419922,26.24349021911621,0,0,-1,0,1,0,1,0,0)},
    [11] = {shape="Normal", cframe=CFrame.new(-42.97822189331055,20.5845947265625,30.704198837280273,0,-1,0,1,0,-0,0,0,1)},
    [13] = {shape="Normal", cframe=CFrame.new(-42.97822189331055,20.5845947265625,30.704198837280273,0,0,-1,0,1,0,1,0,0)},
    [15] = {shape="Normal", cframe=CFrame.new(36.8026008605957,7.785414218902588,36.7073974609375,-0.0007323026657104492,0.00006106123328208923,0.9999998211860657,0.00006106123328208923,1,-0.000061016537074465305,-0.9999998211860657,0.000061016537074465305,-0.0007323026657104492)},
    [17] = {shape="Normal", cframe=CFrame.new(37.245765686035156,8.117766380310059,36.70703125,-0.0007323026657104492,0.00006106123328208923,0.9999998211860657,0.00006106123328208923,1,-0.000061016537074465305,-0.9999998211860657,0.000061016537074465305,-0.0007323026657104492)},
    [18] = {shape="Normal", cframe=CFrame.new(37.68892288208008,7.785388946533203,36.70680236816406,-0.0007323026657104492,0.00006106123328208923,0.9999998211860657,0.00006106123328208923,1,-0.000061016537074465305,-0.9999998211860657,0.000061016537074465305,-0.0007323026657104492)},
    [20] = {shape="Normal", cframe=CFrame.new(37.24577331542969,7.45303201675415,36.70723342895508,-0.0007323026657104492,0.00006106123328208923,0.9999998211860657,0.00006106123328208923,1,-0.000061016537074465305,-0.9999998211860657,0.000061016537074465305,-0.0007323026657104492)},
    [22] = {shape="Normal", cframe=CFrame.new(38.1320686340332,7.453010559082031,36.70655822753906,-0.0007323026657104492,0.00006106123328208923,0.9999998211860657,0.00006106123328208923,1,-0.000061016537074465305,-0.9999998211860657,0.000061016537074465305,-0.0007323026657104492)},
    [23] = {shape="Normal", cframe=CFrame.new(36.47024917602539,7.453052997589111,36.707820892333984,-0.0007323026657104492,0.00006106123328208923,0.9999998211860657,0.00006106123328208923,1,-0.000061016537074465305,-0.9999998211860657,0.000061016537074465305,-0.0007323026657104492)},
    [25] = {shape="Normal", cframe=CFrame.new(36.62690734863281,7.124045372009277,35.93207550048828,0.7038840651512146,0.08718859404325485,0.7049434781074524,-0.06162147596478462,0.9961917996406555,-0.06168180704116821,-0.7076368927955627,-0.000022815540432929993,0.7065762281417847)},
    [27] = {shape="Normal", cframe=CFrame.new(38.01622009277344,7.124015808105469,35.824676513671875,0.906632661819458,-0.00001865108060883358,-0.4219208061695099,-0.00001865108060883358,1,-0.00008428301953244954,0.4219208061695099,0.00008428301953244954,0.906632661819458)},
    [30] = {shape="Normal", cframe=CFrame.new(37.352108001708984,7.123992919921875,36.60072326660156,0.9999997019767761,3.353171251774256e-08,0.0007768982322886586,3.353171251774256e-08,1,-0.00008632201934233308,-0.0007768982322886586,0.00008632201934233308,0.9999997019767761)},
    [34] = {shape="Normal", cframe=CFrame.new(37.957725524902344,7.123924255371094,37.703529357910156,0.7038840651512146,0.08718859404325485,0.7049434781074524,-0.06162147596478462,0.9961917996406555,-0.06168180704116821,-0.7076368927955627,-0.000022815540432929993,0.7065762281417847)},
    [35] = {shape="Normal", cframe=CFrame.new(36.57716369628906,7.123971462249756,37.376808166503906,0.8196226358413696,-0,-0.5729037523269653,0,1,-0,0.5729037523269653,0,0.8196226358413696)},
    [40] = {shape="Cylinder", cframe=CFrame.new(-72.0186767578125,0.9995040893554688,15.058219909667969,1,0,0,0,1,0,0,0,1)},
    [42] = {shape="Ball", cframe=CFrame.new(-76.96867370605469,7.799522399902344,25.6882381439209,0,0,-1,1,0,0,0,-1,0)},
    [43] = {shape="Cylinder", cframe=CFrame.new(-76.71867370605469,8.799514770507812,25.758230209350586,0,0,-1,1,0,0,0,-1,0)},
    [44] = {shape="Ball", cframe=CFrame.new(-76.46867370605469,9.799510955810547,25.6882381439209,0,0,-1,1,0,0,0,-1,0)},
    [45] = {shape="Ball", cframe=CFrame.new(-76.96867370605469,9.799510955810547,25.6882381439209,0,0,-1,1,0,0,0,-1,0)},
    [46] = {shape="Ball", cframe=CFrame.new(-76.46867370605469,7.799522399902344,25.6882381439209,0,0,-1,1,0,0,0,-1,0)},
    [48] = {shape="Cylinder", cframe=CFrame.new(-72.0186767578125,0.9995002746582031,28.058218002319336,1,0,0,0,1,0,0,0,1)},
    [50] = {shape="Cylinder", cframe=CFrame.new(-89.0186767578125,0.9995193481445312,15.058219909667969,1,0,0,0,1,0,0,0,1)},
    [52] = {shape="Cylinder", cframe=CFrame.new(-89.0186767578125,0.9995193481445312,28.058218002319336,1,0,0,0,1,0,0,0,1)},
    [53] = {shape="Normal", cframe=CFrame.new(-80.01878356933594,10.024608612060547,31.44728660583496,1,0,0,0,0.7071342468261719,-0.707079291343689,0,0.707079291343689,0.7071342468261719)},
    [54] = {shape="Cylinder", cframe=CFrame.new(-80.01878356933594,6.549732208251953,34.62928009033203,-1.000000238418579,-0,0,0,-1.1920928955078125e-07,-1.0000001192092896,0,-1.0000001192092896,-1.1920928955078125e-07)},
    [55] = {shape="Cylinder", cframe=CFrame.new(-88.0186767578125,10.085277557373047,31.38661766052246,-0.00003230571746826172,0.000013381242752075195,1,0.7071532011032104,0.7070603370666504,0.000013381242752075195,-0.7070603370666504,0.7071532011032104,-0.00003230571746826172)},
    [56] = {shape="Cylinder", cframe=CFrame.new(-72.0186767578125,10.085277557373047,31.386632919311523,0.00003230571746826172,-0.000013381242752075195,1,0.7071532011032104,0.7070603370666504,-0.000013381242752075195,-0.7070603370666504,0.7071532011032104,0.00003230571746826172)},
    [57] = {shape="Normal", cframe=CFrame.new(-80.5186767578125,1.9995193481445312,21.558218002319336,1,0,0,0,1,0,0,0,1)},
    [58] = {shape="Cylinder", cframe=CFrame.new(-72.0186767578125,1.9995040893554688,21.558218002319336,0,0,1,0,1,-0,-1,0,0)},
    [59] = {shape="Cylinder", cframe=CFrame.new(-72.0186767578125,7.999515533447266,28.058218002319336,0,-1,-0,-1,0,-0,0,0,-1)},
    [61] = {shape="Cylinder", cframe=CFrame.new(-80.5186767578125,12.999515533447266,28.058218002319336,1,0,0,0,1,0,0,0,1)},
    [62] = {shape="Normal", cframe=CFrame.new(-76.5186767578125,10.09952163696289,21.058218002319336,1,0,0,0,1,0,0,0,1)},
    [1306] = {shape="Normal", cframe=CFrame.new(49.775028228759766,6.708531379699707,20.211584091186523,1,0,0,0,1,0,0,0,1)},
    [499] = {shape="Normal", cframe=CFrame.new(-14.789332389831543,3.6677894592285156,25.61580467224121,1,0,0,0,1,0,0,0,1)},
    [342] = {shape="Normal", cframe=CFrame.new(13.530333518981934,6.543205261230469,-3.4215879440307617,-0.000013113021850585938,0.38063451647758484,0.9247255921363831,1,0.000013113021850585938,0.000008761882781982422,-0.000008761882781982422,0.9247255921363831,-0.3806345462799072)},
    [673] = {shape="Normal", cframe=CFrame.new(-47.28306579589844,7.8876953125,28.5062313079834,1,0,0,0,1,0,0,0,1)},
    [815] = {shape="Normal", cframe=CFrame.new(34.09537124633789,4.757225036621094,29.293607711791992,0.5962479114532471,-0,-0.8028004169464111,0,1,-0,0.8028004169464111,0,0.5962479114532471)},
    [537] = {shape="Normal", cframe=CFrame.new(-38.27272415161133,13.954986572265625,28.43178367614746,1,0,0,0,1,0,0,0,1)},
    [316] = {shape="Normal", cframe=CFrame.new(41.15432357788086,6.508941650390625,-13.951765060424805,-0.9803593158721924,0,0.19721977412700653,0,1,0,-0.19721977412700653,0,-0.9803593158721924)},
    [1099] = {shape="Normal", cframe=CFrame.new(12.942106246948242,12.828104019165039,43.301509857177734,1,0,0,0,1,0,0,0,1)},
    [725] = {shape="Normal", cframe=CFrame.new(-44.1500129699707,6.410259246826172,6.358747482299805,-0.000055789947509765625,-0.9872125387191772,-0.1594097912311554,1,-0.000055789947509765625,-0.000004477798938751221,-0.000004477798938751221,-0.1594097912311554,0.9872124791145325)},
    [252] = {shape="Normal", cframe=CFrame.new(-41.522762298583984,6.5422210693359375,-14.049407958984375,0.00006377696990966797,-0.12940895557403564,-0.9915915131568909,1.000000238418579,0.00006377696990966797,0.00005614757537841797,0.00005614757537841797,-0.9915915131568909,0.12940871715545654)},
    [1046] = {shape="Normal", cframe=CFrame.new(33.884124755859375,6.7299346923828125,35.848045349121094,0,0,1,0,1,-0,-1,0,0)},
    [519] = {shape="Normal", cframe=CFrame.new(-39.14164733886719,2.2283592224121094,28.39777183532715,-0.5634958744049072,0.8261193037033081,0,-0.8261193037033081,-0.5634958744049072,0,0,0,1)},
    [144] = {shape="Normal", cframe=CFrame.new(-61.174583435058594,27.59808349609375,10.154951095581055,-1,0,0,0,1,0,0,0,-1)},
    [251] = {shape="Seat", cframe=CFrame.new(-46.01640319824219,5.141387939453125,-10.116811752319336,0.17251425981521606,-0,-0.9850069880485535,0,1,-0,0.9850069880485535,0,0.17251425981521606)},
    [170] = {shape="Normal", cframe=CFrame.new(-10.214613914489746,6.508941650390625,2.7825088500976562,-0.8044894933700562,0,0.5939668416976929,0,1,0,-0.5939668416976929,0,-0.8044894933700562)},
    [571] = {shape="Normal", cframe=CFrame.new(-31.447669982910156,7.699836730957031,17.642824172973633,1,0,0,0,1,0,0,0,1)},
    [1273] = {shape="Normal", cframe=CFrame.new(36.24245071411133,5.411769866943359,32.96600341796875,1,0,0,0,1,0,0,0,1)},
    [215] = {shape="Normal", cframe=CFrame.new(-27.728214263916016,38.05854797363281,-24.71800422668457,-0.9937783479690552,0.11105132848024368,0.00848853588104248,0.11063981801271439,0.9756003022193909,0.18963880836963654,0.012778224423527718,0.1893981248140335,-0.9818171262741089)},
    [402] = {shape="Normal", cframe=CFrame.new(13.661787986755371,41.023983001708984,-23.849218368530273,0.008445978164672852,-0.05756270885467529,0.998306155204773,0.18964678049087524,0.9803151488304138,0.05492086708545685,-0.9818160533905029,0.188861683011055,0.01919633150100708)},
